trapscap1
parameters 12
# exponents ... coefficient
	  0   0   0   0   0   0    2.25930e-01 
	  2   1   0   0   0   0    6.06690e-02 
	  1   2   1   0   0   0    1.11327e-01 
	  0   0   0   3   0   1    6.32699e-03 
	  0   0   0   0   1   0    -4.96359e-03 
	  1   0   0   0   0   0    1.26053e-01 
	  0   2   0   0   0   0    -2.57330e-01 
	  0   0   0   0   1   1    9.98300e-02 
	  1   0   0   1   1   1    8.28846e-02 
	  0   2   1   0   0   0    2.23640e-01 
	  0   0   0   1   0   0    -3.60211e-03 
	  0   0   1   3   0   0    1.81902e-03 
trapscap2
parameters 11
# exponents ... coefficient
	  0   0   0   0   0   0    1.82848e-01 
	  2   1   0   0   0   0    -4.38032e-01 
	  0   0   1   2   0   0    2.00030e-02 
	  0   1   0   0   0   1    1.73698e-01 
	  0   0   1   2   1   0    1.34031e-02 
	  2   2   0   0   0   0    1.19894e+00 
	  0   4   0   0   0   0    -2.41194e+00 
	  1   0   0   0   0   0    6.41753e-02 
	  2   0   0   1   0   1    -8.79706e-02 
	  2   0   1   0   0   1    4.87437e-02 
	  0   0   0   1   0   0    6.85650e-03 
trapscap3
parameters 9
# exponents ... coefficient
	  0   0   1   2   0   0    1.26774e-02 
	  2   1   0   0   0   0    7.31608e-02 
	  0   0   0   0   0   0    1.59383e-01 
	  0   1   0   0   0   1    3.72177e-02 
	  1   0   0   1   1   0    -2.72149e-02 
	  1   0   0   0   0   0    1.22099e-01 
	  0   2   0   0   0   0    -2.80095e-01 
	  0   0   0   1   0   0    3.25483e-02 
	  0   1   1   0   0   0    8.28698e-02 
trapscap4
parameters 9
# exponents ... coefficient
	  0   0   1   2   0   0    1.08151e-02 
	  2   1   0   0   0   0    5.99936e-02 
	  0   0   0   0   0   0    1.39644e-01 
	  0   1   0   0   0   1    3.56668e-02 
	  1   0   0   0   1   0    -3.87114e-02 
	  1   0   0   0   0   0    1.33619e-01 
	  0   2   0   0   0   0    -1.90862e-01 
	  0   0   0   1   0   0    4.49941e-02 
	  1   0   1   0   0   0    -4.34156e-02 
trapscap5
parameters 9
# exponents ... coefficient
	  0   0   1   3   0   0    9.68278e-03 
	  2   1   0   0   0   0    6.07257e-02 
	  0   1   0   0   0   1    3.49783e-02 
	  0   0   0   0   0   0    1.23256e-01 
	  1   0   0   2   1   0    -3.07165e-02 
	  1   0   0   0   0   0    1.35197e-01 
	  0   2   0   0   0   0    -1.66042e-01 
	  0   0   0   1   0   0    4.88742e-02 
	  1   0   1   0   0   0    -3.92420e-02 
trapscap6
parameters 8
# exponents ... coefficient
	  0   0   0   1   0   0    5.01489e-02 
	  0   0   0   1   0   1    5.85578e-03 
	  1   0   0   1   0   0    -6.08906e-03 
	  0   2   0   1   1   0    1.33289e-01 
	  0   0   2   1   0   0    2.20001e-02 
	  0   0   0   0   0   0    1.27114e-01 
	  1   0   0   0   0   0    1.25459e-01 
	  0   1   0   3   0   0    -4.20983e-03 
trapscap7
parameters 11
# exponents ... coefficient
	  0   1   0   3   0   0    4.25360e-02 
	  0   0   0   1   0   1    9.78780e-03 
	  3   0   0   0   0   0    -5.99435e-02 
	  0   0   0   0   0   0    1.70325e-01 
	  0   0   0   0   1   0    -3.54893e-02 
	  0   0   1   0   0   0    -2.58986e-02 
	  1   0   0   0   0   0    1.65827e-01 
	  0   0   2   1   0   0    4.08674e-02 
	  0   0   0   2   2   0    -8.29041e-02 
	  2   0   1   1   0   0    -5.37588e-02 
	  0   0   0   1   0   0    1.26591e-02 
trapscap8
parameters 10
# exponents ... coefficient
	  0   1   0   2   0   0    8.06653e-02 
	  0   0   0   2   0   1    4.24732e-03 
	  2   0   1   1   0   0    -5.34841e-02 
	  0   0   0   0   0   0    1.75455e-01 
	  0   0   0   0   1   0    -3.20763e-02 
	  1   0   0   0   0   0    1.28689e-01 
	  0   0   1   0   0   0    -4.22765e-02 
	  0   0   2   0   0   0    4.37889e-02 
	  4   0   0   0   0   0    4.40635e-02 
	  0   0   0   4   0   0    2.83688e-03 
trapscap9
parameters 9
# exponents ... coefficient
	  0   1   0   1   0   0    1.18221e-01 
	  0   0   0   0   0   1    8.58845e-03 
	  0   0   0   0   1   0    -6.73395e-02 
	  1   0   1   0   0   0    1.43405e-01 
	  0   0   0   0   0   0    1.80121e-01 
	  2   0   2   0   0   0    5.64702e-02 
	  1   0   0   0   0   0    1.48549e-01 
	  2   0   0   0   0   0    9.41191e-02 
	  0   0   0   4   0   0    1.82159e-03 
trapscap10
parameters 10
# exponents ... coefficient
	  0   1   0   1   0   0    9.59858e-02 
	  0   0   0   0   1   0    -6.52707e-02 
	  1   0   1   1   0   0    2.12652e-01 
	  0   0   0   1   0   1    2.72048e-03 
	  0   0   0   0   0   0    1.99826e-01 
	  0   1   0   3   0   0    3.43902e-02 
	  2   0   2   0   0   0    6.62681e-02 
	  1   0   1   2   0   0    -6.44234e-02 
	  1   0   0   0   0   0    1.22803e-01 
	  2   0   0   0   0   0    8.21860e-02 
trapscap11
parameters 9
# exponents ... coefficient
	  0   1   0   1   0   0    1.47318e-01 
	  0   0   0   0   1   0    -6.26559e-02 
	  1   0   1   1   0   0    3.12529e-02 
	  0   0   0   0   0   0    2.13719e-01 
	  0   0   0   2   0   1    1.54162e-03 
	  0   0   1   0   0   0    -6.20410e-02 
	  1   0   0   0   0   0    5.42402e-02 
	  3   0   1   0   0   0    -3.31036e-02 
	  1   0   0   2   0   1    1.28427e-03 
trapclav1
parameters 5
# exponents ... coefficient
	  0   0   0    2.06560e-01 
	  1   1   0    -7.18289e-02 
	  0   3   1    3.88880e-01 
	  1   0   0    9.34356e-02 
	  0   2   0    -3.94408e-01 
trapclav2
parameters 7
# exponents ... coefficient
	  0   0   0    1.78648e-01 
	  2   1   0    -5.12255e-01 
	  2   2   0    1.17646e+00 
	  0   4   0    -1.91707e+00 
	  0   0   4    7.77675e-03 
	  0   0   1    -4.38355e-03 
	  1   0   0    3.50014e-02 
levscap1
parameters 11
# exponents ... coefficient
	  0   0   0   1   0   0    7.96952e-02 
	  0   1   0   3   0   0    -1.97973e-02 
	  1   0   1   0   0   0    5.00509e-02 
	  1   0   0   0   1   0    -2.80574e-01 
	  0   0   1   0   0   0    1.18648e-01 
	  0   0   0   0   0   2    1.73344e-02 
	  0   0   0   0   0   1    -2.15098e-03 
	  2   0   0   0   0   0    2.93865e-02 
	  2   0   0   1   1   0    -2.20866e-01 
	  0   0   0   0   0   0    1.04105e-01 
	  0   1   0   0   0   0    -9.01470e-02 
levscap2
parameters 7
# exponents ... coefficient
	  0   0   0   1   0   0    1.23976e-01 
	  0   1   0   3   0   0    -8.41533e-02 
	  0   0   1   1   0   0    7.80429e-02 
	  0   0   0   1   1   0    6.76247e-02 
	  3   0   0   0   0   0    -1.10323e-02 
	  0   1   1   1   0   1    3.72996e-02 
	  0   0   0   0   0   0    2.93189e-02 
pectmin1
parameters 9
# exponents ... coefficient
	  0   0   0   0   0   0    1.04146e-01 
	  2   1   0   1   0   0    -1.49827e-01 
	  1   0   0   0   1   0    2.28040e-02 
	  0   0   0   0   0   1    4.64990e-02 
	  0   1   1   2   0   0    -4.99871e-02 
	  1   1   0   1   0   0    -1.81886e-01 
	  2   0   0   0   0   0    3.34609e-02 
	  0   0   0   4   0   0    2.56195e-03 
	  1   1   1   0   0   0    -4.77290e-02 
pectmin2
parameters 10
# exponents ... coefficient
	  0   0   0   0   0   0    1.19535e-01 
	  1   1   0   0   0   0    -1.84975e-01 
	  1   0   0   2   1   0    6.04527e-03 
	  0   0   0   0   0   1    5.58508e-02 
	  0   2   1   0   0   0    -6.45042e-03 
	  1   0   0   1   0   0    -3.29168e-02 
	  2   0   0   2   0   0    6.41845e-03 
	  0   0   1   2   0   0    -7.28726e-03 
	  2   1   0   1   0   0    -1.19927e-01 
	  0   0   0   1   1   0    -1.37487e-02 
pectmin3
parameters 9
# exponents ... coefficient
	  0   0   0   0   0   0    7.93959e-02 
	  2   1   0   0   0   0    1.37991e-02 
	  0   0   0   3   1   0    -1.49603e-02 
	  0   0   0   0   0   1    6.24705e-02 
	  0   0   1   0   0   0    5.66419e-02 
	  1   0   0   1   0   0    -9.16730e-02 
	  2   0   0   2   0   0    -2.51785e-02 
	  0   1   0   0   0   0    6.70676e-02 
	  0   0   1   1   0   0    -6.04085e-02 
pectmin4
parameters 10
# exponents ... coefficient
	  0   0   0   0   0   0    1.14480e-01 
	  1   1   0   0   0   0    -3.54239e-01 
	  0   0   0   0   0   1    3.05678e-02 
	  0   0   0   0   1   0    -1.49165e-02 
	  0   2   1   1   0   0    2.24862e-01 
	  1   2   0   0   0   0    4.86445e-01 
	  0   1   1   1   0   0    -2.48319e-01 
	  0   0   0   1   0   1    2.55683e-02 
	  0   0   0   4   0   0    4.66608e-03 
	  0   1   1   0   0   0    1.74837e-01 
rhomboid1
parameters 10
# exponents ... coefficient
	  0   0   1   2   0   0    2.11742e-03 
	  0   2   0   1   1   0    8.12004e-03 
	  0   0   0   0   0   1    -1.05569e-02 
	  0   0   0   0   0   0    4.31724e-02 
	  1   1   0   0   0   0    2.07633e-01 
	  0   0   0   0   1   0    7.65603e-02 
	  0   0   0   1   0   0    9.20621e-02 
	  0   0   1   0   0   0    8.11715e-02 
	  2   2   0   0   0   0    1.75750e-01 
	  1   0   0   1   0   0    1.43384e-02 
rhomboid2
parameters 8
# exponents ... coefficient
	  0   0   0   1   0   0    7.91734e-02 
	  1   1   0   2   0   0    1.27075e-02 
	  0   0   1   0   0   0    8.70756e-02 
	  0   0   0   0   0   1    -4.46505e-02 
	  0   0   0   1   1   0    8.70266e-02 
	  0   0   0   0   0   0    1.16948e-01 
	  1   0   0   0   0   0    4.78236e-02 
	  0   1   0   0   0   0    -7.94168e-02 
rhomboid3
parameters 8
# exponents ... coefficient
	  0   0   1   1   0   0    8.03858e-02 
	  0   0   0   0   0   0    6.81741e-02 
	  1   1   0   0   0   0    2.15646e-01 
	  0   0   0   1   0   1    -4.21032e-02 
	  0   0   0   0   1   0    9.43276e-02 
	  0   0   0   1   0   0    9.85826e-02 
	  1   0   0   3   0   0    2.75639e-02 
	  2   1   0   0   0   0    1.12921e-01 
rhomboid4
parameters 9
# exponents ... coefficient
	  0   0   1   1   0   0    8.83272e-02 
	  1   1   0   0   1   0    9.80931e-02 
	  0   0   0   2   0   1    -4.42193e-02 
	  0   0   0   0   0   0    4.78679e-02 
	  2   1   0   0   0   0    -3.26134e-01 
	  0   0   0   0   1   0    1.24155e-01 
	  0   0   0   1   0   0    1.07411e-01 
	  1   0   0   3   0   0    3.20669e-02 
	  3   1   0   0   0   0    -2.17780e-01 
rhomboid5
parameters 9
# exponents ... coefficient
	  0   0   1   1   0   0    9.46803e-02 
	  1   1   0   1   1   0    7.76404e-01 
	  0   0   0   2   0   1    -4.85152e-02 
	  0   0   0   0   0   0    1.84989e-02 
	  1   0   0   0   0   0    -2.91198e-03 
	  0   1   0   0   1   0    1.04092e+00 
	  1   2   0   0   0   0    9.30270e-02 
	  0   0   0   1   0   0    1.36238e-01 
	  1   0   0   2   0   0    8.41230e-02 
serrant1
parameters 8
# exponents ... coefficient
	  1   0   0   1   0   0    -1.21819e-01 
	  0   1   0   0   1   0    9.52810e-03 
	  0   0   0   2   0   1    -5.23290e-02 
	  1   0   1   1   0   0    8.17086e-03 
	  0   1   0   0   0   0    1.08140e-01 
	  0   0   0   0   0   0    1.34191e-01 
	  0   0   1   0   0   0    -1.59593e-01 
	  0   0   0   0   1   0    -1.37393e-01 
serrant2
parameters 8
# exponents ... coefficient
	  1   0   0   1   0   0    -1.15933e-01 
	  0   1   0   0   1   0    -8.25394e-01 
	  0   0   0   2   0   1    -5.33269e-02 
	  1   0   1   1   0   0    5.14341e-02 
	  0   0   0   0   0   0    1.58817e-01 
	  2   1   0   1   0   0    1.27793e-01 
	  0   0   1   0   0   0    -1.24413e-01 
	  1   2   0   0   1   0    -1.51476e+00 
serrant3
parameters 8
# exponents ... coefficient
	  1   0   0   1   0   0    -1.24562e-01 
	  0   1   0   0   1   0    -4.53547e-02 
	  0   0   0   3   0   1    -4.83505e-02 
	  1   0   1   1   0   0    3.86239e-03 
	  0   0   0   0   0   0    1.56830e-01 
	  0   0   1   0   0   0    -1.48310e-01 
	  1   1   0   0   0   0    -7.71437e-02 
	  0   0   0   0   1   0    -1.12380e-01 
serrant4
parameters 8
# exponents ... coefficient
	  1   0   0   1   0   0    -1.34121e-01 
	  0   1   0   0   1   0    -9.16370e-02 
	  0   0   0   3   0   1    -4.77284e-02 
	  1   0   1   1   0   0    1.41992e-02 
	  0   0   0   0   0   0    1.52380e-01 
	  0   0   1   0   0   0    -1.23310e-01 
	  0   0   0   0   1   0    -8.63592e-02 
	  2   1   0   0   0   0    3.22628e-02 
serrant5
parameters 8
# exponents ... coefficient
	  1   0   0   1   0   0    -1.41933e-01 
	  0   0   0   3   0   1    -4.98346e-02 
	  0   0   0   0   1   0    -8.74803e-02 
	  1   0   1   1   0   0    1.30712e-02 
	  0   1   0   2   0   0    -1.16855e-02 
	  0   0   0   0   0   0    1.41150e-01 
	  0   0   1   0   0   0    -1.02028e-01 
	  0   2   0   0   1   1    -8.87497e-01 
serrant6
parameters 9
# exponents ... coefficient
	  1   0   0   1   0   0    -1.29165e-01 
	  0   1   0   2   0   1    1.30237e-01 
	  0   1   1   2   0   0    -7.53653e-02 
	  0   3   0   0   1   0    -1.40241e-01 
	  0   0   0   0   0   0    1.31320e-01 
	  1   0   0   0   0   1    1.37079e-01 
	  0   1   0   2   1   0    -1.85305e-01 
	  0   0   1   0   0   0    -5.26696e-02 
	  0   1   0   1   0   0    -3.13188e-02 
serrant7
parameters 8
# exponents ... coefficient
	  1   0   0   1   0   0    -1.18621e-01 
	  0   1   0   2   0   1    3.13173e-01 
	  0   1   1   2   0   0    -1.56053e-01 
	  0   0   0   0   0   0    8.92828e-02 
	  0   2   0   1   1   0    -3.15640e-01 
	  1   0   0   1   0   1    1.37371e-01 
	  0   0   1   3   0   0    1.61336e-02 
	  0   0   0   3   0   1    -2.11756e-02 
serrant8
parameters 7
# exponents ... coefficient
	  1   0   0   1   0   0    -1.17271e-01 
	  1   1   1   1   0   0    6.47835e-02 
	  0   0   0   0   0   1    -1.17582e-02 
	  0   0   0   0   0   0    7.76476e-02 
	  0   2   1   0   1   0    -3.71815e-01 
	  0   1   0   0   0   0    -2.70432e-02 
	  1   0   3   0   0   0    1.30715e-02 
serrant9
parameters 8
# exponents ... coefficient
	  1   0   0   1   0   0    -1.26510e-01 
	  0   0   0   0   1   1    -3.50424e-02 
	  1   1   1   1   0   0    1.42248e-01 
	  0   0   0   0   0   0    5.50010e-02 
	  2   0   0   0   1   0    -2.14572e-02 
	  0   1   0   0   0   1    2.54404e-02 
	  0   0   1   0   0   0    1.50123e-02 
	  0   3   1   0   0   0    2.30845e-01 
serrant10
parameters 9
# exponents ... coefficient
	  1   0   0   1   0   0    1.25760e-02 
	  0   0   0   0   0   1    2.01868e-02 
	  0   2   2   0   0   0    -1.19256e-02 
	  1   1   1   0   1   0    8.91759e-02 
	  0   0   0   0   0   0    -4.75759e-02 
	  0   0   1   0   0   0    1.06416e-02 
	  0   1   2   1   0   0    -5.21985e-02 
	  0   0   0   1   0   0    9.29360e-02 
	  1   0   0   0   0   0    -1.23306e-01 
serrant11
parameters 9
# exponents ... coefficient
	  1   0   0   1   0   0    -1.33154e-01 
	  0   0   0   0   0   1    2.78568e-02 
	  0   1   3   0   0   0    -3.55270e-02 
	  1   0   1   0   1   0    3.43051e-02 
	  0   0   0   0   0   0    7.61810e-03 
	  0   1   0   0   0   0    5.88642e-02 
	  1   1   0   2   0   0    1.08563e-01 
	  0   0   0   1   0   0    2.75458e-02 
	  0   3   0   1   0   0    1.32073e-01 
serrant12
parameters 8
# exponents ... coefficient
	  1   0   0   1   0   0    -1.61265e-01 
	  0   0   0   0   0   1    3.77693e-02 
	  0   1   0   0   1   0    -5.03308e-02 
	  0   1   3   0   0   0    -2.49432e-02 
	  2   0   0   2   0   0    -3.93982e-02 
	  0   1   0   0   0   0    4.47946e-02 
	  0   2   0   2   0   0    -5.64473e-02 
	  0   0   0   1   0   0    1.64864e-02 
deltscap1
parameters 11
# exponents ... coefficient
	  0   0   0    1.67150e-01 
	  1   1   0    2.34589e-02 
	  0   0   1    6.70772e-03 
	  2   0   0    -1.73717e-03 
	  2   1   0    -1.57254e-02 
	  0   1   0    4.57973e-02 
	  3   1   0    -2.85770e-03 
	  1   0   0    6.73696e-03 
	  1   0   1    -2.31552e-03 
	  1   0   3    1.33291e-04 
	  0   2   0    -1.11582e-02 
deltscap2
parameters 10
# exponents ... coefficient
	  0   0   0    1.46107e-01 
	  1   1   0    2.49175e-02 
	  0   0   1    6.16557e-03 
	  2   1   0    -1.15827e-02 
	  0   1   0    2.76004e-02 
	  3   1   0    -2.91862e-03 
	  1   1   1    -2.21740e-03 
	  1   0   0    5.73486e-03 
	  0   2   0    -1.11376e-02 
	  0   1   3    -1.99062e-04 
deltscap3
parameters 8
# exponents ... coefficient
	  0   0   0    1.34875e-01 
	  1   1   0    2.93504e-02 
	  0   0   1    4.21009e-03 
	  3   1   0    -3.47910e-03 
	  2   1   0    -3.68217e-03 
	  0   1   2    1.07890e-03 
	  1   0   0    4.01330e-03 
	  0   3   0    -3.34568e-03 
deltscap4
parameters 9
# exponents ... coefficient
	  0   0   0    1.09376e-01 
	  1   1   0    2.76285e-02 
	  0   0   1    4.49756e-03 
	  3   1   0    -2.99726e-03 
	  0   0   2    6.98410e-04 
	  0   2   0    -5.99022e-03 
	  1   0   0    4.26367e-03 
	  2   0   2    -1.32362e-04 
	  0   1   2    5.28976e-04 
deltscap5
parameters 10
# exponents ... coefficient
	  0   0   0    1.03647e-01 
	  1   1   0    1.71596e-02 
	  2   1   1    -6.75726e-04 
	  0   2   0    -1.79880e-02 
	  2   2   0    3.76446e-03 
	  1   1   1    1.32097e-03 
	  0   0   1    3.23991e-03 
	  3   1   0    -2.27606e-03 
	  0   1   2    2.10431e-03 
	  1   0   0    3.37249e-03 
deltscap6
parameters 8
# exponents ... coefficient
	  0   0   0    1.40099e-01 
	  1   1   0    2.63503e-02 
	  2   1   1    -5.29629e-04 
	  0   2   0    -1.22418e-02 
	  3   1   0    -3.49525e-03 
	  0   1   2    1.48517e-03 
	  0   0   1    2.81565e-03 
	  1   0   0    3.16876e-03 
deltscap7
parameters 10
# exponents ... coefficient
	  0   0   0    1.56674e-01 
	  1   1   0    2.46897e-02 
	  3   1   0    -2.87728e-03 
	  0   0   1    2.31946e-03 
	  0   2   0    -1.49493e-02 
	  0   1   2    1.84996e-03 
	  2   2   0    3.07400e-03 
	  1   1   1    1.94800e-03 
	  1   0   0    2.63156e-03 
	  0   1   3    -1.29386e-04 
deltscap8
parameters 6
# exponents ... coefficient
	  0   0   0    1.37517e-01 
	  0   2   0    -2.00737e-02 
	  0   1   2    1.30084e-03 
	  1   1   0    1.77343e-02 
	  2   2   0    3.72389e-03 
	  3   1   0    -1.59951e-03 
deltscap9
parameters 15
# exponents ... coefficient
	  0   0   0    1.47870e-01 
	  0   2   0    -9.20188e-03 
	  1   1   1    1.72757e-03 
	  1   1   0    1.30253e-02 
	  2   2   0    4.32055e-04 
	  0   0   1    2.10364e-03 
	  0   1   2    1.77850e-03 
	  3   1   0    -9.13164e-04 
	  0   1   3    -5.47908e-04 
	  1   0   0    2.60752e-03 
	  2   0   0    1.55318e-04 
	  0   1   1    1.44496e-03 
	  0   1   0    -1.47648e-02 
	  2   1   0    4.72419e-03 
	  1   1   2    -5.88652e-04 
deltscap10
parameters 10
# exponents ... coefficient
	  0   0   0    1.37742e-01 
	  0   2   0    -7.13432e-03 
	  1   1   1    9.09578e-04 
	  2   1   0    5.57403e-03 
	  1   1   0    5.05908e-03 
	  0   1   0    -2.06447e-02 
	  0   0   1    2.07992e-03 
	  0   1   2    1.54027e-03 
	  0   0   3    -1.28464e-04 
	  1   0   0    1.70452e-03 
deltscap11
parameters 5
# exponents ... coefficient
	  0   0   0    1.29755e-01 
	  0   1   0    -2.82607e-02 
	  2   1   0    6.60771e-03 
	  0   1   2    1.30181e-03 
	  2   2   0    -3.27887e-03 
deltclav1
parameters 11
# exponents ... coefficient
	  0   0   0   0   0   0    1.47640e-01 
	  3   0   1   0   0   0    -4.09960e-02 
	  0   0   0   0   2   0    -1.76324e-02 
	  1   0   0   1   1   0    -1.51652e-02 
	  0   0   0   3   1   0    2.22072e-03 
	  0   1   2   0   0   0    -7.83919e-01 
	  0   1   0   2   0   0    1.68173e-03 
	  3   0   0   0   0   0    -4.80517e-03 
	  2   0   0   0   0   2    7.80930e-04 
	  0   0   0   0   0   3    -2.36641e-04 
	  1   1   0   0   1   1    3.69480e-03 
deltclav2
parameters 9
# exponents ... coefficient
	  0   0   0   0   0   0    1.93281e-01 
	  3   0   1   0   0   0    -5.19964e-02 
	  0   1   0   2   0   0    4.33886e-03 
	  2   0   0   1   1   0    -1.25532e-02 
	  0   0   0   2   2   0    -8.00791e-03 
	  0   0   0   0   0   1    -3.65340e-03 
	  1   0   0   0   0   0    -1.72907e-02 
	  0   1   3   0   0   0    -3.86434e+00 
	  0   0   0   1   2   1    -2.02261e-03 
deltclav3
parameters 8
# exponents ... coefficient
	  0   0   0   0   0   0    1.69781e-01 
	  3   0   1   0   0   0    -5.08584e-02 
	  2   0   0   1   1   0    -1.14735e-02 
	  0   0   0   2   2   0    -5.59093e-03 
	  0   1   0   2   0   0    3.09226e-03 
	  0   0   0   0   0   1    -3.23731e-03 
	  0   1   3   0   0   0    -3.93781e+00 
	  1   0   0   0   0   0    -1.70240e-02 
deltclav4
parameters 8
# exponents ... coefficient
	  0   0   0   0   0   0    1.82632e-01 
	  3   0   1   0   0   0    -5.69042e-02 
	  2   0   0   1   1   0    -1.27973e-02 
	  0   0   0   2   2   0    -5.69039e-03 
	  0   0   0   0   0   1    -3.19723e-03 
	  0   1   0   2   0   0    3.11434e-03 
	  1   0   0   0   0   0    -1.66849e-02 
	  0   0   2   0   0   0    1.45897e-01 
coracobr1
parameters 5
# exponents ... coefficient
	  0   0   0    1.63909e-01 
	  1   1   0    -2.27298e-02 
	  2   2   0    -3.52887e-03 
	  3   1   0    2.31476e-03 
	  0   0   3    -4.66525e-05 
coracobr2
parameters 5
# exponents ... coefficient
	  0   0   0    1.78806e-01 
	  1   1   0    -2.46296e-02 
	  3   1   0    2.85387e-03 
	  0   0   1    6.48609e-04 
	  2   2   0    -3.30307e-03 
coracobr3
parameters 4
# exponents ... coefficient
	  0   0   0    1.92851e-01 
	  1   1   0    -2.69326e-02 
	  3   1   0    2.82151e-03 
	  2   2   0    -3.92488e-03 
infra1
parameters 4
# exponents ... coefficient
	  0   0   0    8.38353e-02 
	  0   0   1    1.24199e-02 
	  1   0   0    1.17206e-02 
	  0   1   1    3.08095e-03 
infra2
parameters 8
# exponents ... coefficient
	  0   0   0    1.72730e-01 
	  0   0   1    1.18776e-02 
	  1   0   0    8.00345e-03 
	  0   1   1    2.79852e-03 
	  0   1   0    -8.61982e-03 
	  2   1   0    3.65457e-03 
	  2   0   1    -9.21275e-04 
	  0   1   2    -1.36439e-03 
infra3
parameters 8
# exponents ... coefficient
	  0   0   0    1.47539e-01 
	  0   0   1    1.23389e-02 
	  1   0   0    8.32452e-03 
	  0   1   1    2.69309e-03 
	  0   1   0    -8.71568e-03 
	  2   1   0    3.79050e-03 
	  2   0   1    -9.47273e-04 
	  0   1   2    -1.33573e-03 
infra4
parameters 7
# exponents ... coefficient
	  0   0   0    1.38615e-01 
	  0   0   1    1.22297e-02 
	  1   0   0    7.76384e-03 
	  0   1   1    2.00164e-03 
	  0   1   0    -1.36637e-02 
	  2   1   0    4.50841e-03 
	  2   0   1    -9.91111e-04 
infra5
parameters 6
# exponents ... coefficient
	  0   0   0    1.24396e-01 
	  0   0   1    1.32090e-02 
	  1   0   0    8.92156e-03 
	  2   1   0    5.56590e-03 
	  0   1   0    -1.45543e-02 
	  2   0   1    -8.79665e-04 
infra6
parameters 7
# exponents ... coefficient
	  0   0   0    9.92195e-02 
	  0   0   1    1.26870e-02 
	  1   0   0    1.27985e-02 
	  1   0   1    -7.33237e-03 
	  0   0   2    -2.58384e-03 
	  3   0   1    4.66897e-04 
	  1   1   0    -2.70474e-03 
termin1
parameters 8
# exponents ... coefficient
	  0   0   0    9.60112e-02 
	  0   0   1    1.49860e-02 
	  1   0   0    1.42712e-02 
	  0   2   0    6.89654e-03 
	  0   0   2    -3.01931e-03 
	  1   0   1    -4.82533e-03 
	  2   0   0    -2.77725e-03 
	  0   1   2    -1.14256e-03 
termin2
parameters 11
# exponents ... coefficient
	  0   0   0    1.11283e-01 
	  0   0   1    1.45412e-02 
	  1   0   0    1.43629e-02 
	  0   0   2    -5.24114e-03 
	  1   0   1    -8.45741e-03 
	  0   2   0    4.00326e-03 
	  2   0   0    -3.44863e-03 
	  1   1   0    -2.23851e-03 
	  0   1   2    -1.04012e-03 
	  3   0   1    5.34554e-04 
	  2   0   2    4.31759e-04 
termin3
parameters 7
# exponents ... coefficient
	  0   0   0    7.08887e-02 
	  0   0   1    1.52832e-02 
	  1   0   0    1.56319e-02 
	  0   2   0    3.76768e-03 
	  0   0   2    -3.43568e-03 
	  1   0   1    -5.13070e-03 
	  2   0   0    -2.76856e-03 
termaj1
parameters 8
# exponents ... coefficient
	  0   0   0    9.35955e-02 
	  0   0   1    -1.00302e-02 
	  0   1   0    5.77026e-02 
	  2   1   0    -1.85672e-02 
	  0   1   3    6.21555e-04 
	  3   0   0    -1.31968e-03 
	  1   1   0    9.50868e-03 
	  2   2   0    5.33024e-03 
termaj2
parameters 12
# exponents ... coefficient
	  0   0   0    1.11180e-01 
	  0   0   1    -8.31841e-03 
	  0   1   0    7.27306e-02 
	  2   1   0    -2.41883e-02 
	  0   1   3    1.02766e-03 
	  1   1   0    2.51609e-02 
	  2   2   0    4.46316e-03 
	  3   0   0    -9.05585e-05 
	  1   1   2    1.20778e-03 
	  3   1   0    -3.22884e-03 
	  1   3   0    -5.30552e-03 
	  1   0   0    -6.58507e-03 
termaj3
parameters 11
# exponents ... coefficient
	  0   0   0    1.04818e-01 
	  0   0   1    -7.83272e-03 
	  0   1   0    6.26193e-02 
	  2   1   0    -1.96346e-02 
	  1   1   0    3.15728e-02 
	  0   1   3    9.89764e-04 
	  3   0   0    -1.20084e-05 
	  1   3   0    -7.63355e-03 
	  3   1   0    -4.02033e-03 
	  1   1   2    1.26830e-03 
	  1   0   0    -6.26946e-03 
termaj4
parameters 10
# exponents ... coefficient
	  0   0   0    8.92112e-02 
	  0   0   1    -8.51157e-03 
	  0   1   0    4.19705e-02 
	  2   1   0    -1.07177e-02 
	  2   0   1    1.47502e-04 
	  0   1   3    7.29134e-04 
	  0   1   1    -1.01379e-02 
	  3   0   0    -1.11375e-03 
	  0   2   1    6.23493e-03 
	  1   1   0    4.95586e-03 
supra1
parameters 5
# exponents ... coefficient
	  0   0   0    7.72115e-02 
	  0   0   1    1.07294e-02 
	  1   0   0    9.83208e-03 
	  1   0   1    -6.78944e-03 
	  1   0   3    4.77227e-04 
supra2
parameters 6
# exponents ... coefficient
	  0   0   0    8.29853e-02 
	  0   0   1    1.23346e-02 
	  1   0   0    1.03908e-02 
	  1   0   1    -8.43511e-03 
	  3   0   1    6.23684e-04 
	  0   0   2    -1.93065e-03 
supra3
parameters 6
# exponents ... coefficient
	  0   0   0    1.16436e-01 
	  1   1   0    -1.06932e-02 
	  0   1   0    -1.79129e-02 
	  2   1   0    2.95435e-03 
	  1   1   2    2.08993e-03 
	  1   1   1    -3.82061e-03 
supra4
parameters 8
# exponents ... coefficient
	  0   0   0    9.40942e-02 
	  2   1   0    8.83124e-04 
	  0   1   0    -1.71899e-02 
	  0   0   3    -1.38090e-04 
	  1   1   0    -9.70174e-03 
	  1   1   2    2.94863e-03 
	  1   1   1    -5.52362e-03 
	  2   1   1    1.42723e-03 
subscap1
parameters 6
# exponents ... coefficient
	  0   0   0    7.51934e-02 
	  1   0   0    -1.77071e-02 
	  0   0   1    -1.73859e-02 
	  0   1   1    4.61935e-03 
	  1   0   2    1.39681e-03 
	  2   0   1    1.38848e-03 
subscap2
parameters 4
# exponents ... coefficient
	  0   0   0    1.00648e-01 
	  1   1   0    -5.65055e-03 
	  0   0   1    -1.28917e-02 
	  1   0   0    -1.26517e-02 
subscap3
parameters 10
# exponents ... coefficient
	  0   0   0    1.16606e-01 
	  1   0   0    -1.66201e-02 
	  0   0   1    -1.69336e-02 
	  0   1   1    5.87230e-03 
	  2   0   0    2.60562e-03 
	  0   1   0    -1.03517e-02 
	  1   0   1    4.06293e-03 
	  2   1   0    3.37813e-03 
	  0   0   2    1.56980e-03 
	  2   1   1    -1.00148e-03 
subscap4
parameters 6
# exponents ... coefficient
	  0   0   0    1.21373e-01 
	  0   0   1    -1.51387e-02 
	  1   0   0    -1.56945e-02 
	  0   1   0    -8.38572e-03 
	  1   0   2    1.57215e-03 
	  2   0   1    1.40524e-03 
subscap5
parameters 4
# exponents ... coefficient
	  0   0   0    1.23314e-01 
	  0   0   1    -1.35414e-02 
	  1   0   0    -1.23792e-02 
	  0   1   0    -9.62708e-03 
subscap6
parameters 4
# exponents ... coefficient
	  0   0   0    1.42872e-01 
	  0   0   1    -1.35356e-02 
	  1   0   0    -1.26027e-02 
	  0   1   1    -5.06404e-03 
subscap7
parameters 5
# exponents ... coefficient
	  0   0   0    1.37725e-01 
	  0   0   1    -1.55411e-02 
	  1   0   0    -1.13759e-02 
	  0   1   1    -5.93537e-03 
	  2   0   1    9.24247e-04 
subscap8
parameters 6
# exponents ... coefficient
	  0   0   0    9.56146e-02 
	  0   0   1    -1.78555e-02 
	  1   0   0    -1.49017e-02 
	  0   1   1    -5.31253e-03 
	  2   0   1    1.58082e-03 
	  3   0   0    9.31040e-04 
subscap9
parameters 8
# exponents ... coefficient
	  0   0   0    1.16435e-01 
	  0   1   1    -1.25314e-02 
	  1   0   0    -1.22255e-02 
	  0   0   1    -1.23774e-02 
	  0   1   3    1.43726e-03 
	  2   0   1    1.30205e-03 
	  1   0   2    1.18474e-03 
	  2   0   0    -1.22229e-03 
subscap10
parameters 10
# exponents ... coefficient
	  0   0   0    5.94753e-02 
	  0   1   1    -1.22010e-02 
	  0   0   1    -9.48227e-03 
	  1   0   0    -8.22788e-03 
	  0   1   3    1.16297e-03 
	  0   2   0    9.62023e-03 
	  2   2   0    -4.07037e-03 
	  0   3   1    2.29851e-03 
	  2   0   1    1.03223e-03 
	  1   0   2    8.01329e-04 
subscap11
parameters 10
# exponents ... coefficient
	  0   0   0    3.80889e-02 
	  0   0   1    -1.17340e-02 
	  0   1   0    1.80893e-02 
	  2   1   0    -5.17997e-03 
	  1   0   0    -1.06746e-02 
	  1   1   0    1.12132e-02 
	  1   1   2    -1.20624e-03 
	  2   0   1    8.64431e-04 
	  1   0   2    6.97373e-04 
	  1   3   0    -1.94010e-03 
bicl
parameters 9
# exponents ... coefficient
	  0   0   0   0   0    3.86476e-01 
	  0   0   0   1   0    -2.50029e-02 
	  0   0   0   0   1    2.20858e-03 
	  1   0   1   0   0    -4.58293e-03 
	  3   0   1   0   0    2.46658e-04 
	  0   1   0   0   0    -1.58706e-02 
	  0   1   2   0   0    4.72646e-03 
	  0   0   4   0   0    -2.19999e-04 
	  3   0   0   0   0    5.47192e-04 
bicb1
parameters 9
# exponents ... coefficient
	  0   0   0   0   0    3.61122e-01 
	  0   0   0   1   0    -2.62218e-02 
	  0   0   1   0   0    -2.22447e-03 
	  1   1   0   0   0    -3.21226e-02 
	  3   1   0   0   0    3.23399e-03 
	  2   2   0   0   0    -3.68473e-03 
	  1   2   1   0   0    -9.00000e-04 
	  1   3   0   0   0    2.68713e-03 
	  0   0   3   0   0    -5.91084e-05 
bicb2
parameters 9
# exponents ... coefficient
	  0   0   0   0   0    3.61122e-01 
	  0   0   0   1   0    -2.62218e-02 
	  0   0   1   0   0    -2.22447e-03 
	  1   1   0   0   0    -3.21226e-02 
	  3   1   0   0   0    3.23399e-03 
	  2   2   0   0   0    -3.68473e-03 
	  1   2   1   0   0    -9.00000e-04 
	  1   3   0   0   0    2.68713e-03 
	  0   0   3   0   0    -5.91084e-05 
triclong1
parameters 8
# exponents ... coefficient
	  0   0   0   0    2.88248e-01 
	  0   0   0   1    1.89403e-02 
	  1   1   0   0    1.98280e-02 
	  0   2   0   0    7.41265e-03 
	  2   1   0   0    -1.01259e-02 
	  0   1   0   0    3.03542e-02 
	  2   1   1   0    7.04211e-04 
	  3   1   0   0    -2.42664e-03 
triclong2
parameters 8
# exponents ... coefficient
	  0   0   0   0    2.95879e-01 
	  0   0   0   1    1.89433e-02 
	  0   0   1   0    2.13826e-03 
	  0   1   0   0    2.99945e-02 
	  2   1   0   0    -7.49277e-03 
	  1   0   0   0    4.77879e-03 
	  0   0   3   0    -5.76622e-05 
	  3   0   0   0    -5.31244e-04 
triclong3
parameters 10
# exponents ... coefficient
	  0   0   0   0    3.25708e-01 
	  0   0   0   1    1.89545e-02 
	  0   0   1   0    1.78480e-03 
	  1   1   0   0    1.92956e-02 
	  0   2   0   0    3.55803e-03 
	  2   1   0   0    -7.64888e-03 
	  0   1   0   0    2.36016e-02 
	  3   1   0   0    -2.32843e-03 
	  1   2   0   0    -4.79099e-03 
	  0   0   3   0    -4.77567e-05 
triclong4
parameters 8
# exponents ... coefficient
	  0   0   0   0    3.20375e-01 
	  0   0   0   1    1.89365e-02 
	  0   0   1   0    2.26743e-03 
	  0   1   0   0    2.99989e-02 
	  2   1   0   0    -7.49863e-03 
	  1   0   0   0    4.89331e-03 
	  0   0   3   0    -6.07086e-05 
	  3   0   0   0    -5.31899e-04 
latdorsi1
parameters 13
# exponents ... coefficient
	  0   0   0   0   0   0   0   0   0    2.35045e-01 
	  1   0   0   1   0   0   0   0   0    1.31799e-01 
	  0   1   1   1   0   0   0   0   0    1.23605e-01 
	  0   0   0   0   1   0   0   0   0    5.33704e-02 
	  0   0   0   0   0   0   0   0   1    -1.34370e-02 
	  1   0   0   1   0   0   0   1   0    -5.43829e-02 
	  0   0   0   0   0   0   2   1   0    -9.89243e-03 
	  0   0   0   1   0   0   1   0   0    -1.26207e-02 
	  0   1   1   1   0   0   0   1   0    -7.76329e-02 
	  0   0   0   1   0   1   0   0   0    9.14789e-03 
	  0   0   2   0   0   1   1   0   0    1.96283e-02 
	  0   1   0   0   0   0   0   0   0    6.84757e-02 
	  0   0   1   0   0   0   0   0   0    2.54818e-02 
latdorsi2
parameters 14
# exponents ... coefficient
	  0   0   0   0   0   0   0   0   0    2.65055e-01 
	  0   1   1   0   0   0   0   0   0    8.85252e-02 
	  1   0   0   1   0   0   0   0   0    1.08714e-01 
	  0   0   0   0   1   0   0   0   0    5.75791e-02 
	  0   0   0   0   0   0   0   0   1    -1.27187e-02 
	  0   1   0   1   0   0   0   1   0    5.14236e-02 
	  0   0   0   0   0   0   2   1   0    -1.12137e-02 
	  0   0   0   3   0   1   0   0   0    4.98623e-02 
	  0   2   1   0   0   0   0   1   0    -2.90335e-01 
	  0   0   0   1   0   0   1   0   0    -1.14858e-02 
	  1   0   0   0   0   0   0   1   0    -5.12260e-02 
	  0   1   0   2   0   1   0   0   0    -1.51748e-01 
	  0   3   0   1   0   0   0   0   0    5.16971e-01 
	  0   0   1   0   0   0   0   0   0    3.87760e-02 
latdorsi3
parameters 14
# exponents ... coefficient
	  0   0   0   0   0   0   0   0   0    2.87250e-01 
	  0   1   1   0   0   0   0   0   0    2.46581e-01 
	  1   0   0   1   0   0   0   0   0    9.52015e-02 
	  0   0   0   0   1   0   0   0   0    5.53070e-02 
	  0   0   0   0   0   0   0   0   1    -1.23155e-02 
	  0   1   0   1   0   0   0   1   0    7.37486e-03 
	  0   0   0   0   0   0   2   1   0    -1.07022e-02 
	  0   0   0   1   0   1   0   0   0    2.48408e-02 
	  0   2   2   0   0   0   0   0   0    -9.13101e-02 
	  0   0   0   1   0   0   1   0   0    -1.17932e-02 
	  1   0   0   0   0   0   0   1   0    -7.10782e-02 
	  0   0   1   0   0   1   1   1   0    2.53930e-02 
	  0   1   0   1   0   0   0   0   0    6.63738e-02 
	  1   1   1   0   0   0   0   1   0    1.04035e-01 
latdorsi4
parameters 16
# exponents ... coefficient
	  0   0   0   0   0   0   0   0   0    3.27013e-01 
	  0   1   1   0   0   0   0   0   0    2.24973e-01 
	  1   0   0   1   0   0   0   0   0    8.50905e-02 
	  0   0   0   1   1   0   0   0   0    4.36237e-02 
	  0   0   0   0   0   0   0   0   1    -1.44354e-02 
	  0   1   0   0   0   0   0   1   0    -2.26758e-02 
	  0   0   0   2   0   1   0   0   0    4.78790e-02 
	  0   0   1   0   0   0   2   1   0    -7.57885e-03 
	  0   0   0   1   0   0   1   0   0    -1.02780e-02 
	  0   2   0   1   0   1   0   0   0    -3.56262e-01 
	  0   2   2   0   0   0   0   0   0    -1.98389e-01 
	  0   0   0   0   0   0   2   1   0    -4.61860e-03 
	  1   1   0   0   0   0   0   0   0    -1.54983e-01 
	  0   0   0   1   0   0   0   1   0    2.49163e-02 
	  0   0   0   0   0   0   0   0   3    4.31066e-04 
	  0   0   0   0   0   0   0   2   0    1.05258e-02 
latdorsi5
parameters 16
# exponents ... coefficient
	  0   0   0   0   0   0   0   0   0    2.58752e-01 
	  0   2   1   0   0   0   0   0   0    5.04952e-02 
	  1   0   0   2   1   0   0   0   0    -8.00859e-02 
	  0   1   1   0   0   0   0   0   1    -1.93699e-02 
	  1   0   0   2   0   0   0   0   0    2.98063e-02 
	  1   0   0   2   0   0   0   1   0    -2.38124e-02 
	  0   0   0   0   0   1   0   0   0    4.10966e-02 
	  0   0   0   1   0   0   2   1   0    -6.19960e-03 
	  0   1   0   0   0   0   0   0   0    1.54624e-01 
	  0   0   1   0   0   0   0   0   0    2.97230e-02 
	  0   0   0   0   0   0   0   0   1    -1.10879e-02 
	  0   0   0   1   0   0   1   0   0    -8.31336e-03 
	  0   0   1   1   0   1   1   0   0    2.74081e-02 
	  0   0   0   0   1   0   0   1   0    -3.96282e-02 
	  0   1   0   0   0   0   0   0   3    2.00801e-03 
	  0   0   0   0   0   0   0   1   0    1.18610e-02 
latdorsi6
parameters 16
# exponents ... coefficient
	  0   0   0   0   0   0   0   0   0    2.45541e-01 
	  0   2   0   0   0   0   0   1   0    -3.63076e-02 
	  1   0   0   2   1   0   0   0   0    -6.97088e-02 
	  0   0   1   0   0   0   0   0   0    4.00528e-02 
	  0   0   1   0   0   0   2   1   0    -1.30307e-02 
	  0   0   0   0   0   1   0   0   0    5.83227e-02 
	  1   0   0   3   0   0   0   0   0    3.51077e-02 
	  1   1   0   2   0   0   0   0   0    -1.11165e-01 
	  0   0   0   1   0   0   0   1   0    2.24278e-02 
	  0   3   0   0   0   1   0   0   0    -2.18494e+00 
	  0   0   0   0   0   0   0   0   1    -9.66125e-03 
	  0   0   0   0   0   0   1   0   0    -8.18826e-03 
	  0   0   1   0   0   1   0   1   0    6.68289e-02 
	  0   0   0   0   1   0   0   2   0    -2.81353e-02 
	  0   2   0   0   0   0   0   0   0    2.46382e-01 
	  1   0   0   0   0   0   0   2   0    -1.16618e-02 
pectmajt1
parameters 13
# exponents ... coefficient
	  0   0   0   0   0   0   0   0   0    1.61000e-01 
	  1   1   0   0   0   0   0   0   0    -3.07505e-01 
	  0   0   0   3   1   0   0   0   0    3.35085e-02 
	  0   0   0   0   0   0   0   0   1    -1.47341e-02 
	  0   0   0   0   0   0   0   2   0    3.63470e-02 
	  0   1   0   0   0   1   2   0   0    -5.30487e-02 
	  0   0   0   0   0   0   1   0   0    -1.30227e-02 
	  0   0   0   4   0   0   0   0   0    -7.75747e-03 
	  0   0   0   0   0   0   2   1   0    -8.59297e-03 
	  0   0   0   1   0   0   1   1   0    -1.62948e-02 
	  1   1   0   0   0   0   0   2   0    2.10421e-02 
	  0   0   2   2   0   0   0   0   0    4.66642e-02 
	  1   1   1   1   0   0   0   0   0    2.02299e-01 
pectmajt2
parameters 15
# exponents ... coefficient
	  0   0   0   0   0   0   0   0   0    1.82271e-01 
	  1   1   0   0   0   0   0   0   0    -1.78069e-01 
	  0   0   0   3   1   0   0   0   0    3.50790e-02 
	  0   0   0   0   0   0   0   0   1    -1.54496e-02 
	  1   0   0   0   0   1   0   0   0    1.40227e-01 
	  0   0   0   1   0   0   1   1   0    -3.70062e-02 
	  0   0   1   0   0   1   0   1   0    4.19565e-01 
	  0   0   0   4   0   0   0   0   0    -7.99132e-03 
	  0   1   1   0   0   1   0   1   0    -8.77372e-01 
	  0   0   0   0   0   0   3   1   0    3.29106e-03 
	  0   0   1   1   0   0   1   1   0    1.58011e-02 
	  0   0   0   0   0   0   0   1   0    3.76133e-02 
	  0   0   0   0   0   0   2   1   0    -9.35245e-03 
	  0   0   0   0   0   0   1   0   0    -1.57975e-02 
	  0   1   2   0   0   0   0   0   0    3.04655e-02 
pectmajt3
parameters 19
# exponents ... coefficient
	  0   0   0   0   0   0   0   0   0    1.93012e-01 
	  1   1   0   0   0   0   0   0   0    -1.69095e-01 
	  0   0   0   3   1   0   0   0   0    4.86389e-02 
	  0   0   0   0   0   0   0   0   1    -1.54010e-02 
	  1   0   0   0   0   1   0   0   0    1.35966e-01 
	  0   0   0   1   0   0   1   1   0    -4.38306e-02 
	  0   0   1   0   0   1   0   1   0    1.32466e-01 
	  0   0   0   4   0   0   0   0   0    -7.31799e-03 
	  0   0   0   0   0   0   3   1   0    4.30670e-03 
	  0   1   1   0   0   0   1   1   0    -6.70159e-03 
	  0   0   1   0   0   0   0   1   0    8.31114e-02 
	  0   0   0   0   0   0   1   0   0    -1.59672e-02 
	  0   0   1   0   0   0   2   1   0    -1.52716e-02 
	  0   1   2   0   0   0   0   1   0    -1.17586e-01 
	  2   1   0   0   0   0   1   0   0    1.19545e-02 
	  0   0   0   0   0   1   1   2   0    1.71713e-02 
	  0   0   0   2   1   0   0   1   0    -2.16522e-02 
	  1   0   1   2   0   0   0   0   0    9.68068e-03 
	  0   0   0   1   0   0   1   2   0    8.88478e-03 
pectmajt4
parameters 14
# exponents ... coefficient
	  0   0   0   0   0   0   0   0   0    1.90621e-01 
	  1   1   0   0   0   0   0   0   0    -1.36195e-01 
	  0   0   0   3   1   0   0   0   0    3.02350e-02 
	  0   0   0   0   0   0   0   0   1    -1.57040e-02 
	  0   1   0   0   0   1   0   0   0    -4.26839e-01 
	  0   0   0   0   0   0   1   1   0    -4.28265e-02 
	  0   0   1   0   0   1   0   1   0    3.06333e-01 
	  1   0   1   0   0   0   1   1   0    -1.35808e-02 
	  0   0   0   4   0   0   0   0   0    -1.08890e-02 
	  0   0   0   0   0   0   3   1   0    4.23775e-03 
	  0   0   0   1   0   0   1   0   0    -1.29925e-02 
	  0   0   0   1   0   0   0   1   0    2.74789e-02 
	  0   0   0   0   0   0   2   1   0    -7.91102e-03 
	  0   0   1   0   0   1   0   2   0    -1.49984e-01 
pectmajt5
parameters 15
# exponents ... coefficient
	  0   0   0   0   0   0   0   0   0    1.96605e-01 
	  1   1   0   0   0   0   0   0   0    -5.12959e-02 
	  0   1   0   2   0   1   0   0   0    -1.18352e-01 
	  0   0   0   3   1   0   0   0   0    3.18098e-02 
	  0   0   0   0   0   0   0   0   1    -1.53031e-02 
	  0   0   0   1   0   0   1   1   0    -3.00664e-02 
	  0   0   0   2   0   0   0   0   0    -1.95777e-02 
	  0   1   1   0   0   0   2   0   0    -2.40260e-03 
	  0   1   1   1   0   1   0   0   0    1.90244e-01 
	  0   0   0   0   0   0   3   1   0    4.31482e-03 
	  0   0   0   0   0   0   1   0   0    -1.47446e-02 
	  1   0   0   0   0   0   0   0   0    -1.44249e-02 
	  0   0   0   0   0   1   0   0   0    -5.14631e-02 
	  2   1   1   0   0   0   0   0   0    -3.70293e-02 
	  0   0   1   2   1   0   0   0   0    -2.46909e-02 
pectmajt6
parameters 23
# exponents ... coefficient
	  0   0   0   0   0   0   0   0   0    2.01197e-01 
	  2   1   0   0   0   0   0   0   0    1.64005e-02 
	  0   0   0   3   0   1   0   0   0    -8.75503e-02 
	  0   0   0   2   1   0   0   0   0    2.73940e-02 
	  0   0   0   0   0   0   0   0   1    -1.45707e-02 
	  0   0   0   1   0   0   1   1   0    -4.12685e-02 
	  2   2   0   0   0   0   0   0   0    -1.67160e-02 
	  0   0   1   1   0   0   2   0   0    -1.85478e-04 
	  0   0   0   2   0   0   0   0   0    -2.46655e-02 
	  0   0   0   0   0   0   3   1   0    3.77167e-03 
	  0   0   0   0   0   0   1   0   0    -1.45036e-02 
	  0   0   1   1   1   1   0   0   0    -3.47247e-01 
	  0   0   1   0   0   0   0   0   0    -1.12174e-02 
	  1   0   0   0   0   0   0   0   0    -8.94024e-03 
	  1   0   1   0   1   1   0   0   0    -2.87013e-01 
	  0   0   0   2   0   1   0   1   0    6.35255e-02 
	  0   0   0   0   0   1   2   1   0    -1.20504e-02 
	  0   0   0   0   0   0   2   1   0    -6.61007e-03 
	  0   0   0   0   0   0   0   1   0    1.23798e-02 
	  0   0   1   3   0   0   0   0   0    6.63446e-03 
	  0   0   0   1   0   0   0   1   2    1.23200e-03 
	  0   0   0   1   0   0   1   2   0    7.32698e-03 
	  0   1   0   1   0   0   0   0   0    3.29518e-03 
pectmajc1
parameters 13
# exponents ... coefficient
	  0   0   0   0   0   0    1.74098e-01 
	  3   0   1   0   0   0    -8.01439e-02 
	  1   0   0   1   1   0    -3.97192e-02 
	  0   0   0   0   0   1    -1.01265e-02 
	  0   1   0   0   0   0    5.49975e-02 
	  1   0   0   2   1   0    -6.36924e-03 
	  3   0   0   0   0   0    -1.01241e-02 
	  0   0   0   3   1   0    4.26069e-03 
	  1   1   2   0   0   0    -3.03655e-01 
	  0   0   0   1   0   0    -1.09622e-02 
	  1   0   0   0   1   2    1.47501e-03 
	  3   1   0   0   0   0    -2.96554e-02 
	  0   0   2   0   0   0    1.44805e-01 
pectmajc2
parameters 15
# exponents ... coefficient
	  0   0   0   0   0   0    1.61672e-01 
	  3   0   1   0   0   0    -6.63066e-02 
	  1   0   0   1   1   0    -4.11413e-02 
	  0   0   0   0   0   1    -9.11957e-03 
	  1   1   0   2   0   0    3.60243e-04 
	  1   0   0   0   0   0    -3.91085e-02 
	  0   0   0   2   2   0    -5.02007e-03 
	  0   0   0   3   1   0    3.40769e-03 
	  0   0   0   1   0   0    -1.01877e-02 
	  2   0   2   0   0   0    1.12813e-01 
	  1   0   0   0   1   2    1.77731e-03 
	  0   1   0   0   0   0    4.54313e-02 
	  3   1   0   0   0   0    -2.92435e-02 
	  0   0   0   0   0   3    -3.27317e-04 
	  2   0   0   1   1   0    8.88361e-03 
tricmed1
parameters 2
# exponents ... coefficient
	  0    1.55326e-01 
	  4    9.09476e-01 
tricmed2
parameters 2
# exponents ... coefficient
	  0    1.76478e-01 
	  1    1.99294e-02 
tricmed3
parameters 2
# exponents ... coefficient
	  0    6.17749e-02 
	  1    1.80560e-02 
tricmed4
parameters 2
# exponents ... coefficient
	  0    1.00239e-01 
	  1    2.01974e-02 
tricmed5
parameters 2
# exponents ... coefficient
	  0    1.43512e-01 
	  1    2.00964e-02 
brachialis1
parameters 2
# exponents ... coefficient
	  0    1.88034e-01 
	  2    -4.27338e-02 
brachialis2
parameters 2
# exponents ... coefficient
	  0    1.80714e-01 
	  1    -1.49843e-02 
brachialis3
parameters 2
# exponents ... coefficient
	  0    1.43524e-01 
	  3    -1.63790e-01 
brachialis4
parameters 2
# exponents ... coefficient
	  0    1.42261e-01 
	  2    -4.28700e-02 
brachialis5
parameters 2
# exponents ... coefficient
	  0    1.10782e-01 
	  1    -1.49884e-02 
brachialis6
parameters 2
# exponents ... coefficient
	  0    9.81967e-02 
	  1    -1.47535e-02 
brachialis7
parameters 2
# exponents ... coefficient
	  0    9.49796e-02 
	  3    -1.63892e-01 
brachiorad1
parameters 3
# exponents ... coefficient
	  0   0    3.43786e-01 
	  1   0    -2.79151e-02 
	  1   2    2.99850e-03 
brachiorad2
parameters 3
# exponents ... coefficient
	  0   0    3.25792e-01 
	  1   0    -1.19332e-02 
	  0   1    7.62648e-04 
brachiorad3
parameters 3
# exponents ... coefficient
	  0   0    3.10622e-01 
	  1   0    -9.04116e-03 
	  2   2    2.46549e-03 
pronteres1
parameters 2
# exponents ... coefficient
	  0   0    1.66475e-01 
	  1   3    -1.64362e-03 
pronteres2
parameters 2
# exponents ... coefficient
	  0    9.34416e-02 
	  2    -1.20911e-03 
supinator1
parameters 2
# exponents ... coefficient
	  1    3.38715e-02 
	  4    -1.05262e-03 
supinator2
parameters 2
# exponents ... coefficient
	  1    3.47303e-02 
	  3    -2.66016e-03 
supinator3
parameters 2
# exponents ... coefficient
	  0    3.65908e-02 
	  3    1.61435e-03 
supinator4
parameters 2
# exponents ... coefficient
	  0    3.88536e-02 
	  4    6.95027e-04 
supinator5
parameters 2
# exponents ... coefficient
	  0    2.99217e-02 
	  1    9.67383e-03 
pronquad1
parameters 2
# exponents ... coefficient
	  0    5.11304e-02 
	  4    -4.13997e-04 
pronquad2
parameters 2
# exponents ... coefficient
	  0    4.63294e-02 
	  4    -5.51548e-04 
pronquad3
parameters 2
# exponents ... coefficient
	  0    4.72086e-02 
	  2    -3.07720e-03 
triclat1
parameters 2
# exponents ... coefficient
	  0    2.31363e-01 
	  3    2.39012e-01 
triclat2
parameters 2
# exponents ... coefficient
	  0    2.34011e-01 
	  3    2.45372e-01 
triclat3
parameters 2
# exponents ... coefficient
	  0    2.36304e-01 
	  1    1.94959e-02 
triclat4
parameters 2
# exponents ... coefficient
	  0    1.98807e-01 
	  3    2.12256e-01 
triclat5
parameters 2
# exponents ... coefficient
	  0    1.94174e-01 
	  2    5.45826e-02 
anconeus1
parameters 2
# exponents ... coefficient
	  0    2.00483e-02 
	  2    2.35815e-02 
anconeus2
parameters 2
# exponents ... coefficient
	  0    1.86856e-02 
	  1    7.10125e-03 
anconeus3
parameters 2
# exponents ... coefficient
	  0    2.27148e-02 
	  3    1.03860e-01 
anconeus4
parameters 1
# exponents ... coefficient
	  0    4.98843e-02 
anconeus5
parameters 2
# exponents ... coefficient
	  0    3.36024e-02 
	  1    4.14200e-03 
